23
-9062707 -9168221 7736888
1835454 5936065 -3036124
9278748 2455392 -9006663
-5497741 -4437016 7531696
-5939590 -5294774 -1685224
1652806 7739830 -1667933
1010130 955486 -4007746
-1233633 -8111081 8651550
-2165725 5681136 -4184014
3602914 6766828 9970772
3564713 6943953 -3385409
-7617789 2393758 5836166
4074715 6514423 -4935913
-7329201 -9719705 -9184635
8620338 -6109440 -311060
7426595 -4786330 9437040
-9863439 -3424233 -8414207
-1863696 518677 -1975207
-856425 -9672140 8302996
-9058178 4366677 -2658373
2897701 -6183621 -2757527
8952116 9539930 8404554
-6931714 -490197 9594148